744, 174.00000, -174.00000, 744.00000, -744.00000, 174.00000, -174.00000, 47.81000, 51.96000, 70.64000, 66.96000, 28.04000, 27.72000, 58.86000, 44.49000, 51.13000, 26.02000, 148.80000, 25.30000, 69.13000, 40.09000, 29.20000, 49.36000, 70.99000, 27.00000, 55.34000, 47.08000, 45.54000, 10.65000, 11.55000, 16.60000, 6.83000, 6.56000, 6.31000, 15.66000, 12.15000, 10.41000, 16.52000, 6.08000, 11.96000, 6.48000, 12.94000, 34.80000, 13.77000, 16.17000, 5.92000, 11.18000, 11.01000, 9.37000, 69.13000, 55.34000, 27.00000, 66.96000, 45.54000, 70.99000, 29.20000, 44.49000, 26.02000, 40.09000, 47.81000, 28.04000, 51.96000, 58.86000, 47.08000, 25.30000, 49.36000, 70.64000, 148.80000, 27.72000, 51.13000, 11.18000, 10.41000, 6.08000, 13.77000, 12.15000, 11.01000, 16.52000, 11.96000, 5.92000, 6.56000, 9.37000, 10.65000, 12.94000, 16.17000, 15.66000, 6.83000, 16.60000, 11.55000, 34.80000, 6.48000, 6.31000, 35.55000, 4.70000, 9.65000, 63.94000, 31.45000, 40.46000, 8.67000, 29.91000, 34.33000, 46.56000, 63.25000, 32.68000, 4.80000, 56.13000, 46.15000, 41.27000, 18.51000, 40.95000
120, 4.08000, 7.60000, 24.00000, 4.47000, 11.15000, 6.47000, 7.35000, 4.71000, 8.93000, 7.18000, 7.71000, 7.96000, 11.39000, 10.80000, 4.20000, 11.45000, 9.49000, 4.36000, 8.25000, 4.52000, 8.38000, 3.25000, 1.42000, 5.95000, 2.71000, 3.77000, 2.05000, 8.19000, 22.26000, 3.23000, 23.08000, 3.44000, 19.51000, 1.87000, 22.52000, 2.99000, 8.69000, 16.44000
488.29, 135.35000, 31.84000, 52.18000, 14.06000, 35.06000, 135.35000, 135.35000, 52.18000, 31.84000, 14.06000, 135.35000, 35.25000, 20.00000, 11.63000, 6.40000, 13.40000, 12.80000, 20.00000, 1.01000, 20.00000, 11.63000, 13.43000, 12.80000, 20.00000, 6.40000
59.71, 33.09000, 11.78000, 27.13000, 17.69000, 29.95000, 17.69000, 29.03000, 30.43000, 13.50000, 16.77000, 29.03000, 16.77000, 29.73000, 16.77000, 11.02000, 29.03000, 11.52000, 9.38000, 12.80000, 7.75000, 9.38000, 12.16000, 9.38000, 8.63000, 12.16000, 12.48000, 12.16000, 9.38000, 12.32000, 9.38000, 12.16000, 7.50000
130.63, 4.07000, 97.16000, 97.16000, 4.07000, 4.07000, 97.16000, 97.16000, 4.07000, 6.40000, 23.00000, 23.00000, 6.40000, 23.00000, 6.40000, 23.00000, 6.40000
379.56, 25.31000, 41.93000, 40.16000, 35.12000, 19.14000, 104.42000, 18.70000, 41.71000, 104.42000, 41.64000, 42.63000, 22.34000, 14.26000, 13.68000, 15.02000, 32.00000, 16.48000, 15.29000, 13.48000, 15.26000, 32.00000, 15.25000, 1.60000, 15.40000, 15.13000
946.93, 8.15000, 6.50000, 18.01000, 893.73000, 3.40000, 5.63000, 5.25000, 7.58000, 45.45000, 4.35000
604.52, 30.96000, 17.87000, 2.35000, 183.62000, 35.60000, 264.88000, 13.98000, 11.50000, 12.39000, 16.69000, 12.23000, 13.43000, 32.62000, 18.35000, 40.03000, 15.99000
53.76, 176.59000, 12.12000, 26.68000, 70.53000, 26.74000, 8.00000, 23.79000, 13.42000, 8.51000, 12.00000
-71.74, 120.39000, 10.48000, 10.18000, 99.72000, 26.43000, 58.74000, 58.74000, -58.74000, -4.34000, 2.08000, 13.00000, 7.96000, 1.30000, 24.82000, 8.10000, 22.72000, 12.42000, 13.00000, -13.00000
633.98, 1.53000, 23.11000, 35.70000, 13.17000, 38.43000, 178.79000, 15.21000, 2.98000, -10.64000, 28.18000, 64.09000, 10.64000, 15.98000, 14.49000, 8.87000, 89.40000, 17.85000, -32.47000, 11.62000, 32.47000, 88.16000, 15.21000, 3.54000, 12.20000, 22.00000, 45.00000, 1.48000, 9.60000, 12.84000, 9.60000, 28.00000, 22.00000, 20.79000, 10.40000, 9.60000, 14.00000, 22.36000, 10.58000, 12.50000, 18.73000, 9.60000, 4.21000, 13.50000, 11.00000, 8.89000, 16.98000, 14.32000, 13.35000, 4.08000, 10.40000, 22.50000, 11.00000, 0.84000, -16.98000, 13.00000, 4.68000, 26.62000, 10.10000, -14.32000

